50 100 8 20
16 
11 40 
28 25 18 17 9 
4 13 19 46 47 49 27 32 
7 
3 43 15 25 
45 39 28 36 14 11 15 13 
27 35 4 20 7 
44 
42 15 
38 30 
9 8 14 15 44 
19 22 14 
22 13 14 33 8 23 38 48 
3 14 47 9 29 16 31 
8 40 37 36 29 
41 50 10 40 27 20 
3 27 40 48 34 5 14 31 
3 42 13 34 44 16 50 
24 43 18 22 21 31 7 20 
47 29 34 7 46 14 
47 7 32 
11 46 12 25 4 37 
3 44 24 45 35 
27 24 
37 21 12 24 
25 
2 
43 17 
45 17 
37 
27 20 10 25 4 45 6 
40 16 31 
2 32 5 18 7 41 33 
24 19 
24 5 45 25 41 
46 
28 2 44 32 21 
7 45 19 36 
36 2 34 6 33 45 23 8 
18 28 39 27 34 38 22 
1 
9 16 12 
32 16 
20 2 37 
50 44 21 17 28 1 
38 31 11 
29 48 43 9 35 
41 39 4 35 31 46 25 
20 17 13 28 8 
46 
11 5 
19 34 1 24 45 46 23 39 
41 
26 2 18 34 41 
4 49 10 34 31 47 3 
38 
44 42 4 14 28 
8 28 10 
32 8 43 47 11 48 
37 16 17 13 33 25 45 
13 
7 13 39 
27 12 18 2 43 48 25 
20 43 18 10 1 36 4 49 
1 19 31 34 48 43 25 
8 50 32 34 4 9 40 12 
11 15 39 31 26 40 37 12 
42 14 18 8 2 
16 21 23 12 24 
28 41 21 
20 46 45 12 27 4 1 
23 13 
28 10 
3 36 18 42 33 17 4 25 
37 19 22 
19 40 
22 38 
30 46 34 35 
13 5 
9 42 36 13 44 31 39 46 
38 24 
2 11 5 37 4 38 1 33 
17 40 30 47 11 
32 
31 23 49 37 48 45 
45 2 22 48 38 3 
41 34 6 3 9 
37 
14 29 
50 36 
7 
34 25 32 44 12 45 16 38 
50 23 44 8 20 
10 4 19 
23 20 29 35 33 
26 41 14 24 39 7 34 
1 
27 39 45 33 
49 4 47 36 
