500 1200 12 20
40 115 259 456
14 31 62 65 163 348 392 403
52 66 85 229 295 353 379 487 488
272 296 379 385 452 487 498
7 107 270 273 385 449 498
92 309 373 418 428 432 434 494
7 23 95 276 455
50 74 75 115
32 61 65 124 139 160 226 247 282 289 374 403
115 126 132 290 310 317 384 452
25 276 306 426 496
54 70 92 133 232 253 290 313 360 369 386 425
120 237 363 419 428
32 44 72 168 173 202 302 420 434 475 487 496
48 117 224 226 239 259 452
212 216 246 313 371
6 46 116 121 124 236 372 452 487 496
6 72 82 84 152 286 374 382 418
21 22 25 40 59 155 253 267 306 325 337
16 34 40 76 115 189 260 264 342 382 457 499
162 390 406 450 487 488 493
7 26 85 149 180 202 289 299 334 463 491
5 42 82 122 132 207 209 280 301 369 390 447
50 108 152 276 376 393 409 437 471
5 62 310 321 349 374 495
46 74 270 280 285 338 358 385 452
42 139 143 193 276 301 392 396 404 419
40 149 297 306 357 406 412 489
40 43 115 187 259 354 380
132 166 438 487
35 39 147 148 258 363 487
27 52 65 95 115 145 268 423
86 158 368 404 406 499
51 112 247 278 292 306 317 377 445 447 449 464
41 113 152 298 306 358 389 456 470
13 37 240 285 340 344 400 406 428 439 488
9 67 77 178 375 448 452 463 482
116 214 321 355 363 370 374 487
27 132 151 260 405 421 469
54 71 91 132 149 212 224 368 452 499
76 102 112 164 344 452 456 467 490
6 17 56 89 222 235 273 345 348 374 456 472
83 131 233 313 462 487 496
32 50 76 276 306 326 393 434 490
157 248 252 281 296 306
7 21 40 66 72 352 474 482 487
11 40 164 185 245 306 315 348 379 402 420 483
20 143 222 379 434 487
162 374 406 447 452 490
29 40 60 115 146 165 215 297 312 375 391
193 348 416 428
6 135 159 220 224 249 306 409 465 469
6 37 77 118 366 429 449 452
27 92 203 418 434
28 42 308 374 444 446 447
176 190 231 276 300 352 374 453 487
40 51 67 89 117 153 214 354 415 424
174 212 279 294 306 422 497
57 142 200 306 336 392 394 404 434 487 495
64 132 157 297 301 374 434 454 459 463 480
6 15 63 116 272 406 454
37 65 69 130 166 305 306 439
216 338 377 396 422 452
112 137 241 339 438 452 480
2 42 112 276
1 44 85 274 363 418 446 482
70 135 159 276 303 337 449
6 45 106 126 253 260 349
11 65 248 276 324 343 418 449 486
6 71 115 122 135 186 276 292 317 495
10 24 27 51 65 106 312 333 346
19 51 151 357 414
37 306 330 434 438 476
115 153 197 211 218 279 283 284 417 434 437
24 51 52 60 87 120 124 178 281 287
8 34 40 51 291 292 352 428
6 40 65 140 483
15 21 374 404 428
6 27 102 331
63 72 128 132 148 273 319
47 48 72 86 161 190 253 281 409 444 449 487
40 45 75 84
33 132 147 209 211 462 488 494
51 244 253 302 363 432 487
70 106 132 196 235 406
108 291 306 434 442 487
27 83 120 160 182 325 424 452
132 168 283 351 370 413 450
6 14 20 142 276 296 355 415 438 452
51 81 339 406 428
7 131 253 279 332 390 404 417 418
29 124 132 276 290 379 449
7 105 214 313 403 466 493
40 225 418 434
7 168 177 253 271
1 369 374 386 487
28 115 124 275 287 319 348 396 399 419 428
3 50 220 273 276 282 306 361 401 435 443 452
51 65 69 369 389 406 485
6 17 77 125 141 253 260 276 336 401 432
109 198 234 418 455 459 462 480
32 115 254 283 444
51 92 112 190 272 276 454 487
88 153 234 255 306 313 353 400 458
6 56 63 66 88 134 150 249 310 425 453
99 224 306 313 434
26 296 306 389 406 434 471
40 65 205 348 469
73 90 96 132 162 250 257 308 356 382
74 132 428 452
40 48 54 108 124 135 179 203 313 473
46 51 65 247 276 281 285 308 329 488
7 40 215 276 333
42 73 104 249 256 281 374 383 434
62 65 68 213 235 268 338 377 412 416 464
41 65 338 364 428 434
194 224 428 487
21 65 88 180
78 115 116 137 153 160 212 217 248 251 422 424
62 179 182 220 418 428
7 45 116 246 307 360 374 411 452
51 162 204 367 462
7 40 362 364 459 487
37 418 434 496
157 161 406 460
27 75 306 339 361 406
51 276 328 336 406
6 51 118 151 257 316 348 398 409
51 112 188 425 469
6 374 445 449
101 104 148 168 201 249 348 356 366 371 428 486
177 308 396 428 434
99 178 192 233 282 305 380 408 434
29 51 335 374 487
5 88 113 127 223 276 335 344 359 378 452
146 232 428 455
46 178 340 348 366 398
27 65 110 141 198 265 299 385 474 495
24 83 122 125 212 311 341 344 452 464
51 74 273 339 376 378 384 406 487
3 51 57 114 115 214 302 374 495
7 16 36 84 112 135 257 306 328 329 372 418
6 147 249 313 433 440
42 59 261 313 397 418 434 482
192 199 230 243 428 438
18 50 163 172 179 193 291 315 379 406 478
59 65 111 271
53 61 80 85 140 193 197 225 233 334 348 454
7 92 94 130 163 299 387 412 428 452 461
3 26 172 364 428 452
98 181 216 287 306 396 406 428
27 203 227 348 418
51 107 109 141 187 229 232 276 320 384 430 479
6 49 146 182 257 295 320 396 419 430 480
65 231 290 318 340 362 368 410 452
5 325 345 348 413
76 132 133 152 211 253 360 367
64 95 157 203 253 289 380 412 434
31 113 176 265 323 452 461 487
26 68 115 134 147 196 217 331 414
7 12 132 281 377 385 387 392 487
32 45 51 101 132 210 220 235 253
58 66 374 400 445 448 452
7 40 144 156 169 394 400 470 492
7 53 120 121 290 305 348 376 405
95 132 219 317 418 424 452 496
12 42 93 99 276 313 406 440 471
95 220 246 306 346 354 417 428 434 469
132 133 224 407
65 178 189 294 402 406 445 487
51 132 302 348
15 39 41 45 132 336 418 487 497
11 92 192 204 232 233 253 344 431 477
140 172 374 414 423
51 81 115 135
132 202 262 415 441
6 169 229 306 376 380 386
49 125 236 247 253 391 406
118 123 124 295 354 406 497
69 130 131 137 190 197 351 354 406 420 441 448
98 102 106 200 246 276 278 397 406 460 492
19 164 187 365 372 374 441 490
27 50 167 246 301
3 40 42 54 175 180 185 360 392 406 487
50 134 161 406 451
32 56 88 115 178 235 313 348 397 417 443 449
25 35 128 144 276 294 341 357 386 431 437 477
100 264 285 374 406 452 486
63 80 96 113 181 225 281 333 348 419 495
20 27 65 434 450 485
55 65 144 320 343 394 411 420 488 493
19 100 147 266 332 343 452
84 85 89 122 186 214 352 434 447
121 123 199 313 341 446 490
51 91 146 176 271 284 347 348 418 490
7 51 89 165 181 231 286 359 384 396 418 493
7 35 73 154 184 327 362 413 450 452 484
7 53 68 200 253 293 349 378 428 449
83 98 106 113 132 247 392 428 461
3 7 45 73 131 274 275 313 322 418
59 65 110 121 154 160 204 301
39 112 132 186 238 285 346 499
6 7 132 312
32 65 117 157 253 439
154 217 282 306 344 345
32 38 40 52 81 210 255 280 348 396 423
37 142 244 276 279 298 340 437 441 464
186 315 351 428
5 7 40 85 191 241 334 336 453
69 99 205 264 319 346 356 452
70 114 313 338 348 434
14 94 122 136 235 348 357 366 380 385 462 487
7 288 312 318 333 374
27 179 204 226 258 292 294 418 497
27 89 153 161 202 255 291 355 374 377 457
65 142 155 171 193 276 398 429 434 439 445 456
6 11 224 236 251 332 374
6 27 31 140 153 376 459
31 118 213 256 289 315 319 338 367 400 406 465
7 17 117 306 434 474
27 213 455 487
122 191 199 374
64 74 106 172 186 374 400 434
68 203 301 487
7 115 379 406 486
121 308 353 406 479
17 66 105 145 149 276 364 373 387 422 445
3 40 274 306 322 434 475
17 216 221 324 348 418 452
7 106 132 244 412 480
40 132 162 166 206 320 340 374 407 414 470
22 31 145 316 336 338 418 439 452 477 495 498
32 65 99 273 373 374 428
65 123 172 333 348 371 428
7 65 253 259
111 351 406 428 480
1 70 76 181 280 310 313 329 348 435 487
5 31 204 230 306 428 434
27 28 36 55 135 180 191 252 357 446
26 65 86 110 241 261 348 484
5 40 60 374 452
51 132 182 214 239 324 325 406 440 451 481 491
6 297 313 487
40 101 302 353
103 116 132 142 236 274 306 384 423 472 487
65 237 253 418
40 132 258 311 403
7 27 183 200 311 318 357 428 431
2 47 81 110 191 203 217 425 434
24 27 143 206 313 376 423 434
45 49 52 115 144 187 191 234 350 396 416
10 27 53 115 128 167 351 373 464
51 261 313 413
51 333 389 434 452
9 28 311 388 428
71 73 115 121 225 283 306 367 401 406
78 215 303 395 428 487
35 184 210 276 452
43 253 276 309
33 306 313 428
64 182 256 262 282 351 376 388 409 425 452 456
67 227 235 418
63 139 197 218 346 487
7 47 95 115 164 209 229 253 290 311
7 9 53 106 107 110 132 179 199 275 450
2 5 98 113 195 231 292 313 345 434 441
93 183 233 266 280 321 349 362 387 418 447 482
6 36 149 172 281 375 401 406 428 430 486
40 193 194 206 239 247 249 253 259 272 341 443
17 56 99 138 174 202 348 350 391 452 459
6 17 70 78 233 335 406 452
7 117 189 346 354 456
47 52 95 136 157 253 296 301 440 448
21 27 41 124 281 329 336 378 422 484
36 124 276 293 428 464
65 353 418 423
40 77 156 275 406 434 459 464
51 166 276 292 428
7 9 71 142 151 361 377 434 452 457
7 82 299 440 457 477 486
2 98 169 179 252 301 337 374 417 418 497
6 43 89 162 165 218 254 348 364 374 421
6 65 284 306 376
73 249 340 348 487
40 130 145 240 291 363 440
15 79 145 198 313 355 406 424 456 472 483
7 65 69 448
39 40 51 115 368 467
7 56 115 261 333 434 462 463 472
37 44 74 90 115 148 151 192 288 374 464
5 132 137 264 300 331 474
3 6 27 46 112 158 204 327 457
51 190 225 275 276 428 450 459
51 53 118 174 270 340 370 384 415 476 482
40 99 124 177 208 257 297 355 385 389
35 62 210 218 290 406 487
44 185 205 263 276 278 348 435 452 481
40 145 167 286 312 313 397 419 450 452
75 114 125 169 180 386 401 406 458
43 112 165 168 213 267 298 336 348 425 447 498
133 172 190 191 220 289 305 374 426
40 197 247 313 389 494
6 98 140 151 195 238 285 327 344 345 350
7 8 18 121 253 275 306 322 324 362 381
3 145 156 209 239 259 284 370 386 434
25 34 119 176 194 253 283 357
47 81 132 181 215 306 322 355 374
8 65 115 150 227 278 344 347 401
71 243 288 353 428 488
9 98 228 255 276 297 302 328 428 461 468 488
94 141 164 173 218 306 317 350
63 67 156 213 253 279 306 329 347 372 431
51 127 353 383 389 433
27 67 80 115 138 223 241 276 291 311 416
10 21 51 95 231 251 253 274 418 472 498
6 99 157 306 406
25 69 132 243 263 400 434 448 451 473
6 115 183 323 487
54 115 232 254 376 449 452
3 28 40 51 170 260 337 361 406 423 474
27 54 64 87 184 306 434 467
4 12 56 91 218 265 308 315 332 333 411 452
53 107 133 345 357 430 434
20 35 43 91 298 416 418 436 459
26 44 51 130 150 153 177 195 327 373 493
27 69 306 413
65 398 406 428 456 470
10 27 38 140 178 201 335 353
47 159 190 452
65 132 412 428
252 341 348 418 460
6 59 76 97 115 184 270 297 335 377 481
27 68 225 274 401 406 434 440
6 51 64 129
3 197 210 245 354 406 445 448
7 51 232 243 252 426
21 65 102 279 418
229 276 298 306 313 436
154 231 340 418 481
35 65 118 265 276 298 374
43 51 170 240 246 382 394 446
15 27 33 115 120 157 222 283 322 338 374 460
7 10 53 156 276 346
27 65 170 194 313 359 453
27 50 159 176 276 406 416 463
43 75 323 418 487
33 51 65 236 472
26 94 115 212 259 280 315 348 358 398 439
6 59 82 96 137 171 212 235 348 374 446
28 40 91 158 161 171 306 348 414
224 253 256 278 356 357 400 427 443
17 86 111 131 348 349 434 473
119 132 142 220 351 394 406 427 455 484
19 128 223 269 295 318 348 399 405
122 196 259 273 281 395 406 494
82 90 176 276 296 348 362 406 474
67 124 132 139 243 361 456
116 306 347 374
79 116 183 487
27 51 136 190 244 253 401
175 183 202 231 276 428 434
15 138 207 223 244 246 253 313 315 427 437 469
7 132 168 348 372 397
40 97 244 402 410 494
21 71 72 195 267 304 306 428 436 439 452
18 27 52 82 115 181 237
1 27 95 118 173 193 402 440
34 51 107 132 334
115 264 282 284 309 407 432
51 60 189 230 232 260 275 306 461
18 142 334 341 374 487
6 31 94 253 254 343 357 405 455
18 90 116 151 200 250 318 348 376 406
54 126 228 241 253 263 270 307 311 476
40 188 276 390 418
51 101 115 132 162 191 302 376 498
65 368 374 406
51 64 95 119 121 167 202 208 289 378 418 452
24 62 99 137 205 255 264 287 336 349 413 452
7 76 111 222 268 454
27 76 253 254 274 367 442 486
27 42 418 429 443
25 47 51 73 208 231 318
29 39 40 73 147 209 218 296 304 422 489
115 255 276 313 345 361 427 474
7 19 32 141 253 255 276 387
30 51 82 214 225 290 306 418 453 485 498
20 39 65 185 258 266 459 488 489
14 46 103 135 145 201 227 245 348 383 439 445
30 113 178 237 291 316 347 452 462 499
4 7 15 106 167 220 270 276 295 334 409 426
99 132 208 217 221 306 452 455
23 51 97 150 153 165 214 264 308
115 197 214 233 304 374 487
3 36 160 169 200 205 306 346 370 406 412 416
19 22 65 306 353 374
65 111 153 346 458 470
55 252 313 385 406 452 470
2 6 172 450 452 487
1 77 193 267 306 352 409 418 475 487
209 298 428 434
39 170 358 487
20 23 65 131 136 144 197 286 313 323 442
225 289 442 452
7 217 350 399 487
186 196 220 222 279 291 313 365 368 396 442 489
7 216 232 276 404
22 92 132 171 207 292 306 364 426 438 452
68 70 237 245 273 313 367 405 452 457
60 62 229 269 322 452 487
55 109 198 270 341 348 494
110 166 187 256 278 389 434 486
103 168 337 353 368 370 409 418 496
272 276 312 395 452 473
115 134 273 327 352 405 497
40 51 55 186 194 197 226 247 319 359 364 367
2 40 139 434 454 456
33 68 115 144 175 234 307 342 417 428 462 473
34 153 276 323 348 404 485
7 18 45 109 139 396 428 452
79 215 306 316 323
6 23 29 42 51 65 202 205 264 429 473
20 50 71 102 116 121 381 382 406 432 434 470
65 122 179 279 330 341 418
7 15 53 78 95 161 316 322 404 437 445 471
17 51 88 141 341 357 418 441
6 225 389 404 443 460 486
26 130 162 279 348 442 456 483
27 155 159 225 295 303 315 358 418 426
99 132 285 362 434 474 487
6 80 106 132 158 177 181 215 272 326 430 452
80 118 132 159 248 312 397
51 132 367 452
50 115 336 348 418
23 40 107 172 179 297 396 418 426 434
79 142 148 154 197 276 306 313
6 28 36 88
33 51 115 208 321 374
48 80 142 147 155 197 208 217 340 372 409 434
64 115 127 166 205 216 355 452 493
15 65 185 186 276 291 470 487
49 220 312 313 328 374 379 444 452
35 51 60 293 420
45 115 240 253 254 294 325 341 380 406 437
135 164 263 267 275 297 313 358 385 456
16 40 226 277 318 348 384 474
10 27 35 71 175 262 353 378 439 453 485
91 204 220 236 348 357 405 420 433 437
7 8 115 285 308 318 346 383 408 434 471
59 163 282 339 349 400 418 462 498
65 240 276 434
24 65 80 145 177 192 201 227 261 340 413
8 191 212 227 322 416 418
30 33 64 65 186 253 262 335 343 496
56 61 132 285 313 350 367 418 477 480
3 115 253 359
38 65 81 110 383 406 434
5 253 272 285 300 304 486
75 115 136 202 303 308 385 403 418 424 425
140 283 342 406 420 428 487 491
230 236 243 445 480 487
68 71 225 266 301 388 407 426 428 456 495
11 117 350 378 380 467 474 487
14 115 132 175 353 418
56 65 182 276 409 436 472 487
10 51 115 202 239 259 308
16 18 79 115 143 163 168 220 230 274 335 435
27 73 153 261 337 468
115 198 257 384 390
51 115 159 428
27 154 194 248 428 452
7 170 181 374 452
27 40 41 253 336 423
20 105 132 154 281 341 375
253 319 360 428 452 484
7 51 135 141 295 373 418 420 464 492 498
40 189 202 274 288 341 407 454 480 498
169 374 392 404 406 487
27 87 210 220 222
102 108 110 175 206 313 337 362 379 412 418 427
40 115 242 251 321 323 410 420 423 440
40 51 65 69 133 381 403
35 152 267 313 345 449
27 49 143 232 306 345
63 87 90 132 172 240 293 445 483
45 51 141 153 276 292 313 334 381 397 431 482
51 65 132 284 455 483 488 492
92 107 133 165 253 267 306 366 460
6 44 46 173 404 418 428
25 88 188 306 325 392 472 489
3 29 127 145 151 374 417 426
27 51 99 169 282 370 376 389 410 488 498
37 65 178 276 307 389 498
121 146 151 270 287 337 434 497
29 73 108 247 368 374 397 428 463 493
27 45 65 181 344 345 417 451
58 85 118 203 257 286 306 395 479
48 71 96 259 301 348 420 428 487
65 86 97 261 274 310 418 419 491 495 499
245 253 264 297 429
6 343 374 434
117 177 183 426 428 463 493
40 313 342 416 418 445
77 79 125 127 132 159 174 313 362 457 487 496
7 126 166 238 242 276 282 291 322 410 428
60 132 208 212 383 452
81 306 348 356 375 490
21 66 133 276 296 311 345 475 499
65 134 157 353 357 434
51 272 294 424
32 114 187 200 257 266 305 313 435
6 89 95 113 118 288 343 390 428 430
240 253 339 344 482
12 65 313 324 374
2 76 133 196 206 374 418 484
1 6 123 277 305 315 417 452
7 41 165 183 215 265 272 276 422 428
7 51 124 185 269 331 368 369 380 424 433 434
45 132 220 310 423 438 498
56 65 66 140 197 217 246 296 335 344 350 374
59 152 176 183 215 400 428
66 67 111 183 314 329 444 452 453 477
44 67 119 120 121 189 277 306 320 415 418
71 115 145 423 442 487
27 51 375 434
25 74 125 128 155 201 208 224 292 371 374 434
51 72 150 348 437
51 87 115 147 306 437
35 77 104 115 132 161 219 231 247 248 303 473
30 46 104 146 168 182 313 315 338 348 406 441
2 23 27 52 63 124 218 247 285 287 370 452
15 52 82 213 214 225 253 425 447 452 487
32 115 227 266 286 299 365 396
179 205 217 234 249 277 305 316 327 436 452 455
45 65 155 192 294 313
113 124 134 139 472 487 494
51 428 455 487
7 36 52 77 132 162 204 268 348 386
27 35 206 302 374
4 27 55 192 479
6 61 151 164 224 291 307 369 397 398 496
6 132 167 253 411
40 253 272 428 449
27 80 119 207 290
132 236 348 487
17 147 262 280 294 323 356 374 388 464
6 153 418 465
40 78 147 242 335
8 51 80 118 253 276 287 320 370 403 435
177 264 281 287 314 348 374 401 414 432 493
39 48 181 219 224 227 326 348 392 422 438
6 15 115 380 434
6 157 167 240 255 301
15 23 60 122 179 203 366 434 439 478
97 195 226 279 306 374
64 124 213 253 283 338 344 430 492 495 496
6 53 122 126 132 186 338 348 439 455
14 105 106 434 442 452 466
65 102 219 374 406
56 65 69 218 228 230 252 271 283 293 405 493
92 158 180 313 357 366 431
40 85 288 418
15 42 47 52 179 190 231 429 434 495
115 258 266 267 348 434
6 73 87 101 122 184 194 269 271 326 471
40 348 352 397 428 459 500
50 62 85 135 284 434
140 159 419 452
37 87 125 146 227 418 457
97 124 149 231 256 270 275 285 309 374 437 456
79 115 211 398 406
6 21 51 64 186 211 217 256 429 489
40 49 145 217 218 355 361 364 434
6 27 58 111 127 269 276 317 318 342 401
50 253 319 440 484
6 264 348 418
47 218 275 296 306 348 406 488
1 48 96 113 115 231 299 305 313 345 392
59 86 137 168 313 378 388 420 428
33 73 77 92 131 291 462 487
15 65 129 144 211 279 396 494
210 232 274 286 323 348 382 420 430 473 487
27 180 218 324 327 371 407 474 480
7 34 133 166 170 294 359 432
18 77 146 153 243 311 313 385 418
32 39 59 86 107 132 256 270
7 9 98 251 306 341 383 395 458 487 494
42 141 193 196 434
119 149 171 234 306 484 487
98 124 206 289 348 358 388 417 452 491
82 115 139 193 315 349 381 402 411 422 461
73 109 112 115 156 183 209 279 285 314 431 460
1 56 105 169 172 189 224 348 382 404 418 434
40 105 255 321
11 51 56 92 272 288 326 374 403 417
108 236 276 349 374 452 485 493
7 253 306 365 497
7 114 117 242 253 406 445
27 113 127 131 294 300 323 415 451 470
15 64 101 197 216 311 334 348 432 464 493
7 12 57 132 176 241 292 394 442 477 484
38 144 155 175 253 351 398 401 406 418
16 88 185 313 348 452
1 90 92 167 218 329 332 342 351 369 406 430
21 101 132 207 264 311 315 413 428 453 495
7 106 224 251 329 402 415 422 452 460
25 100 169 176 236 266 268 341 406 417 436
2 36 65 98 115 125 172 239 272 405 474
106 115 157 235 343 428 442 496
11 27 129 211 221 315 449
7 140 141 158 313 374
1 61 65 89 100 230 250 265 310 458
40 206 207 329 409 434
6 39 55 103 276 305 452
115 117 280 406 452
23 90 243 254 306 331 429 459 498
182 194 253 263 425 453
17 117 142 271 366 383 394 416 452 473
6 29 65 106 124 177 225 231 313 381
91 219 244 290 418 436 461 492
86 123 139 148 266 283 401 406 487 489
77 109 132 264 453
7 38 65 78 149 184 226 395
122 133 148 177 301 348 355 418 428 430 472 477
74 87 88 118 120 208 237 266 348 428
7 22 55 95 124 145 151 313 321 352 434 478
40 53 82 184 215 225 247 276 320 385 442 454
51 52 156 211 380
7 54 115 160 172 211 315 324 402 434 490
51 276 354 498
48 132 428 452
46 113 211 220 224 349 370 469 485 487
18 40 132 217 243 418 443 480
51 73 106 115 145 156 291 332 428 448 496
228 326 352 372 374 415 472 478 493
55 87 97 132 226 292 307 428
27 40 125 201 241 313 343
9 20 27 102 244 253 313 354 367 408 450
47 76 276 418
27 59 135 167 282 387 416
6 46 196 208 276 354 382 418
40 132 162 170 185 190 231
27 46 60 73 163 324 341 375 430
191 224 266 428 433 452 474
43 115 178 194 200 313 446 499
34 65 171 374 425
93 234 280 284 330 374 377 433
20 65 111 205 348 363 401 403
65 112 198 300 348 487
149 276 331 404
17 36 76 80 170 207 250 281 319 364 374 487
64 126 157 198 210 296 403 430 434 478
2 43 98 115 195 217 261 347 348 349 401 418
90 158 180 190 231 276 325 342 407 495
1 65 85 90 96 139 151 190 196 390
2 105 114 115 126 170 194 236 347 409 418
6 132 139 187 288 306 343 349 368 396 467 500
25 65 92 173 186 219 338 363 367 382 438 448
42 103 149 260 306 326 406 427 474
139 178 197 248 251 258 272 313 366 380 449 469
36 65 75 99 183 263 285 299 336 406
306 313 363 384 428
6 185 186 305 308 434 452 486
20 87 98 276 343
18 27 38 51 74 130 135 204 281 347 449
23 51 94 115 152 234 241 437
18 39 65 109 135 200 261 374 414 442 474
86 276 306 350 475
249 253 348 446 487
14 22 27 445 485
110 276 374 415 434
45 51 140 173 180 221 253 266 349 379 431 440
34 40 110 121 182 200 262 267 371 434 448 475
40 125 253 406
7 44 374 427
65 132 145 209 250 303 355 452 469 500
6 53 99 202 241 244 246 273 301 343 413
17 118 244 374 428 452 481
7 83 180 185 256 300 313 497
27 148 189 191 274 338 343 445 492
160 173 175 253 313 406
105 140 306 437
14 65 186 195 418
57 115 138 371 487
48 65 103 351 428 443 454 460 486 498
7 203 277 321 372 412 420 484
38 112 115 199 217 230 241 334 389 416 485
1 22 33 95 113 202 281 302 356 424 426 434
27 279 288 349 414 452
6 21 140 255 348 487
19 175 217 225 299 406 426 428
37 51 202 211 251 298 324 432 449 470
7 9 30 47 155 253 310 322 326 421 434 460
24 155 269 333 348 373 407
19 51 306 438 452
97 115 127 145 387 390 434 452 467
140 272 371 400 411 418 466
40 138 272 325 418 420
7 28 31 192 211 276 374 456 460
65 88 152 253 374
40 115 216 385 428 488
161 293 397 428 466
7 81 131 224 276 380 428 442 481
51 121 210 273 293 444 487
95 126 132 188 274 348 406 491
115 297 374 406 425
12 16 115 144 146 267 311 369 408 441 496
5 63 115 212 215 269 274 317
3 6 168 181 207 388 428
7 30 132 306
40 43 184 283 290 291 319 348 414 418
24 93 97 105 132 232 316 321 426
39 186 201 276 393 438
325 451 452 472
12 103 108 208 216 253 276 313 320 458 461 494
28 51 72 77 280 283 291 419 425 480
15 23 47 140 243 253 259 338 439 495
7 190 374 499
51 135 150 215 304 379 434
51 222 230 237 304 325 340 384 448 456
40 253 265 361 374
40 65 185 452
7 59 115 118 197 225 265 383 401 452 494
75 84 323 418
132 170 318 406 440
23 173 250 265 399 408 452 468
68 128 199 224 418
27 98 170 275 434
19 27 36 42 51 136 168 191 269 342 413
73 102 161 335 452 487
40 56 253 434
7 66 108 249 263 277 348 487
6 46 52 70 241 418 452 500
11 50 59 60 138 166 175 426 428 441 442 462
39 43 51 328 348 374 416 426 433
29 34 77 162 287 306 348 466 497
10 27 97 276 452
6 27 65 148 175 219 431
6 49 69 302 330 418 471 487
88 129 214 233 303 306 345 455
157 260 313 324 404 478
17 115 381 434 473
7 51 125 149 211 285 303
56 224 295 374 434
132 268 277 406 417
7 18 89 132 388
5 43 69 105 174 227 306 368 418 440 458 489
51 122 133 232 276 321 335 338 440 446 479
27 65 67 271 374
132 200 406 459
27 156 166 231 288 311 428 452 454
25 178 253 276 348
7 223 248 252 293 483
5 6 27 253 435 494
7 51 115 365
68 75 111 113 127 151 194 206 406 415 486
182 209 273 406
7 15 109 152 179 227 258 338 386 425 487
7 59 65 102 282 368
10 51 102 108 202 434 452 485 497
22 284 370 374 422
35 40 45 121 171 275 308 379 438 450 496
99 125 150 191 208 332 339 366 374 398 433 496
52 97 109 198 205 265 276 428
82 276 314 428
7 54 172 205 280 313 351 407 485
7 51 114 230 343 345 414 473
23 40 64 111 221 228 253 317 337 395 444
64 150 229 348 383 406 418 445
48 113 120 197 306 348 405 416
205 319 434 461
32 75 105 111 116 132 156 232 241 370 466 469
37 38 188 190 276 331 359 411 450 472 476
5 38 132 169 204 269 273 375 377 396 412 487
157 259 276 434
65 374 428 498
27 72 94 135 285 289 402 420
55 229 274 312 319 374 382 389 406 442 487
40 197 213 267 329 418
22 253 306 326 348 355 393 497
27 165 204 262 357 463
7 115 132 165 223 350 448 498
40 189 200 272 426 434 461
221 246 253 265 286 349 358 405 424 452
53 65 76 82 132 172 275 385 418 443 464 469
93 132 181 193 195 207 406 457 497
27 81 93 191 282 301 324 364 428 434
39 248 343 452
47 48 112 138 223 338 374 381
31 42 90 126 162 172 253 262 306 321 371
14 27 110 180 221 277 321 363 374 406 429
6 10 33 77 161 179 194 260 288 440 441 453
10 27 38 125 156 160 178 194 413 450 465
6 75 83 120 172 235 299 344 403 487
15 21 74 115 121 180 251 270 394 411 445 458
40 60 95 122 298 420 433
132 156 261 265 462
6 65 175 203 236 327 339 403 404 425 447
19 28 106 147 257 291 406
12 64 139 172 276 300 367
223 272 313 391 418
145 147 253 272 389 415 473
12 107 135 260 277 278 306 324 347 486
18 56 100 115 118 392 434 463
27 96 116 154 268 275 287 379 439 486
54 75 249 306 328
21 40 72 195 253 302 460
27 41 58 195 250 276 310 319 325 462
90 93 115 133 207 225 327 405 446
51 212 244 274 313 331 410
40 286 294 348 374 485
27 39 53 114 115 146 183 253 254 409 420
6 93 127 143
23 36 39 51 136 259 267 293 386 427 443 454
20 32 40 48 104 171 239 361 425 435 449
6 114 197 225 263 298 319 347 374 466
7 135 229 406
41 55 276 360 374 428
128 182 191 202 348 403 406 436 445
17 102 149 220 249 253 283 395 456 471 499
21 35 40 99 161 357 383 418 428 472
29 44 53 102 132 136 186 275 315 339 389
7 50 196 290 392 438 450 487
116 164 167 192 243 278 287 306 402 464 489
42 128 143 276 374
65 135 226 238 401 438 498
38 105 253 270 276 464 477
69 110 114 189 313 367 374 392 416
65 117 160 313 406
5 14 112 132 269 412 427 434 436 452 466
223 374 452 484
5 132 135 223 249 283 317 404 450
5 13 22 65 102 233 253 276 343
51 158 279 418 452
42 169 181 215 220 237 276 294 373 477 481
27 30 82 149 210 240 303 378 418 434 455 463
145 256 267 289 395 483 487
11 51 88 302 348
38 64 121 193 229 263 307 425 428 444 477 487
138 184 205 276 301 331 378 439 441 487 489
40 130 165 343 432
7 187 253 305 369 391 406 492
42 51 59 88 101 109 150 276 297 374 461 480
9 52 68 132 142 187 273 339 414 434 470
65 256 341 348 405 428
114 253 276 290 311 312 359 426 452
56 126 165 221 276 313 314 401
7 65 357 418 453 466
356 475 487 488
42 58 138 161 272 313 403
36 243 271 299 308 313 332 398 488
7 85 380 414 428 474
279 300 306 418 481
29 45 87 95 148 224 348 439 484
6 28 34 204 244 266 300 306 310 348 476 483
40 191 266 290 332 467
27 115 151 276 448
113 119 132 144 158 275 371 403 430
39 74 97 139 153 201 206 302 374 408 442 494
59 148 268 302 348 374 388 416 428 431
115 164 299 345 431
74 253 276 418
3 20 24 91 214 237 348 358 425 450
5 61 72 207 254 276 326 358 374
7 37 70 165 205 218 253 374 386 484
7 72 92 128 137 168 206 277 334 358 418 494
12 13 51 132 161 215 301 391 416 422 487 498
6 118 240 245 343 404 415 450 451 453
7 40 70 85 117 127 130 184 243 253 388
132 167 178 216 267 273 313 484
3 80 82 132 377 411 420 428 452 469
6 23 115 251 279 464 485
8 157 164 257 359 425 434 459
51 60 65 102 170 202 237 278 349 359 418 425
13 101 126 148 230 253 266 326 358 406 422 468
6 175 196 249 311 313 410 457 488
6 38 51 57 87 149 188 377 407 419 441
10 15 99 115 348 487
13 39 169 262 354 358 389 428
27 46 62 96 97 140 165 212 390 427 463 465
266 306 458 487 497
43 54 93 132 260 306 312 336 465 487
61 128 162 166 276 296 306 398 422
20 65 116 348 381 487
325 340 418 428 433
43 49 66 80 115 184 313 348 355 389 401 496
40 153 199 274 313 314 351 406
31 40 115 348
27 51 150 406 436
6 27 37 49 51 57 327 340 343 386 482
23 314 348 374
55 81 124 209 313 406 424
69 114 149 311 336 348 374 430 451
40 113 129 206 227 233 431 460 471
30 65 81 373 452
1 38 53 76 115 196 280 310 422 453 460 480
49 51 60 101 104 181 202 237 242 258 337
184 199 204 266 345 348 392
20 60 155 160 232 234 372 394 418 461
27 365 406 452
132 162 163 216 348 372 410
27 202 306 406
25 45 136 337 374 380 393 424 428 434 499
7 92 153 209 280 393
6 52 132 264 434 437 460
70 253 347 371 472
3 7 187 212 213 233 483
126 132 217 320 348 386
40 51 126 133 135 196 206 339 353 453
191 374 418 487
13 115 131 137 146 163 306 314 342
64 65 253 272 279
102 132 163 276 304 310 348
60 68 73 88 146 187 219 238 276 298 355 452
27 79 89 163 193 216 306 310 335 338 391 486
7 42 58 125 198 284 340 374 419 442
26 131 225 261 374 499
1 40 65 253
6 40 51 62 121 167 186 241 278 441
29 33 137 186 214 278 298 306 397 452 462 473
56 91 124 183 207 208 254 413 419 434 456 470
147 343 403 434 470
31 37 105 122 157 243 248 253 302 393 418 467
72 127 222 283 434 441 449 480
40 252 314 334 374 382 487
7 18 47 63 113 297 323 356 452 486 498
108 115 203 229 243 270 374 487
6 48 146 162 371
374 383 435 487
11 29 32 102 152 350 452
173 286 348 380 402 406 487
155 215 291 313 389 403 434
6 173 428 434
100 215 428 491
117 148 239 423 452
40 132 275 313 331 375
33 65 132 320 328 391
6 22 27 113 263 299 342 411 432
101 272 322 406 499
4 40 52 162 171 180 195 236 265 290 348 489
87 129 132 205 237 278 295 343 458 492
74 75 127 172 253 266 324 337 354 374
27 204 215 249 324 402 426 428 440 495
6 47 130 348 373 406
65 69 72 86 109 159 238 263 380 396 462
29 72 115 159 181 250 284 399 405 418 422
6 133 181 460
52 53 108 112 204 345 397 406 434
67 115 117 144 266 276 278 324 398 434 456
7 107 256 354 394 413 414 482
7 25 113 118 131 209 233 329 346 382 449 483
79 107 115 218 253 302 325 374 382 395
116 188 418 477
39 91 248 262 276 313 348 355 402
5 19 59 76 132 133 195 198 251 315 386 465
6 21 51 177 227 254 270 326 354 400 406 423
1 52 65 103 115 154 201 203 241 276 372 441
65 208 306 332 342 346 350 452 453 456
40 41 113 132 171 222 273 275 360 387 429 471
2 40 51 104 383 487
23 90 117 323 328 348 392
36 39 63 72 97 146 221 255 276 284 285 307
65 319 406 407 460
40 71 115 138 163 262 279 363 433 451
50 83 88 172 211 257 260 276 301 305 390 437
27 40 78 143 144 295 305 353 455 500
9 123 157 253 364 365 377 392 395
65 129 151 190 219 243 398 409
40 101 306 348
7 107 115 119 203 204 212 290 348 407 442 493
52 68 72 115 226 278 291 301 417 420 429 477
27 63 66 75 102 253 275 381 406 448
6 21 24 43 52 177 233 313 378 398 406
22 115 132 197 288 322 329 381 407 421
79 207 229 352 374 423 441
27 40 66 160 200 311 380 394 480
7 46 119 164 230 253 276 431 466 477
33 65 285 294 313 407
7 65 138 195 251 320 348 371 447
40 94 283 316 410 444
3 43 55 65 276 452
40 133 174 318 327 335 443
27 187 217 252 275 345 451
61 93 95 115 118 182 253 339 368 468
177 227 240 292 318 345 452
1 27 47 64 132 191 284 369 396 434 437 445
65 263 352 375 381 385 406 487
92 147 170 184 253 387 393 423 428 438 449 490
7 156 204 348 374 426
154 161 230 298 307 434
10 49 65 100 103 132 265 284 306 354
115 165 204 408
7 26 86 111 254 311 350 388 406 418 429
12 55 96 98 215 286 406 410 411 424 434 476
7 85 150 188 247 286 321 452
8 48 73 348 402 428
81 276 426 428
6 29 32 35 129 130 148 282 294 348 351 421
3 51 57 90 97 145 207 248 284 406 447 452
51 178 187 306 348 395
27 37 273 418 434
27 59 115 302 348 364 499
1 27 96 129 179 269 306
51 169 295 306 343 465
193 222 293 342 418 424
51 190 217 245 275 290 318 434
6 27 110 117 239 360 374 380 485
35 107 115 120 134 250 261 283 351 362 480 494
75 114 311 406 434 439 466
65 132 190 391 406
56 57 132 160 255 257 313 356 379 500
8 170 348 434 437 494
6 11 18 169 192 234 318
6 242 309 348 385
167 200 211 263 269 305 321 348 372 388 444
6 39 88 132 152 177 188 231 327 435
36 276 306 370 428
40 111 132 282 413 437
48 51 53 65 207 382 438 496
40 44 55 133 166 204 359 369 435 459 460
28 40 58 122 187 198 265 287 313 406
34 42 132 171 248 276 304 374 380 450
41 68 77 93 138 276 288 469 477
15 16 65 164 195 209 319 361 428 433 452
21 51 129 132 141 220 248 270 429 460 466
6 27 54 73 207 249 408 428 465 500
6 87 133 134 202 261 338 406 462 496 497
65 103 131 135 155 382 401 406 418
253 255 306 428
9 62 87 132 169 174 183 228 418 428 471
6 64 70 236 293 364 453
7 42 148 178 356 428 434
6 115 152 406
27 44 52 193 213 215 225 232 238 249 450
276 306 348 367 436
7 31 59 204 254 384 391
196 335 361 366 487 489
34 40 297 311 487
41 65 174 443
18 276 321 348
8 171 238 245 260 306 362 425 452 479
30 78 80 130 231 306 320 336 387 411 478
24 70 96 107 150 178 248 357 406 424 449 496
348 420 482 496
253 263 348 406
7 215 241 306 460 485 498
35 170 174 177 428
16 216 225 249 253 273 348 439
1 15 41 53 80 81 150 276 290 348 393
14 28 48 51 146 147 241 266 270 338 418
40 94 109 253 424
12 115 142 269 306 428 456 489 490
127 132 146 290 393
98 130 148 166 188 198 238 253 264 297 399
15 21 115 313 487
60 134 310 406
16 23 27 91 108 253 307 388 452
51 201 335 433 486
54 191 194 406 434 487
62 227 351 399 418 458
51 109 115 126 128 130 142 164 174 402 452 485
51 68 95 108 141 208 320
253 313 348 481
2 13 97 227 255 374 419 428 452 468
7 253 362 385 474
51 120 242 253 342 395 446
105 111 132 175 254 260 296 304 306 406 410
6 20 348 365 434 471
14 38 95 185 220 241 320 371 391 418 475 491
40 126 167 192 244 369 372 386 401 434 454 461
10 24 32 41 74 76 169 184 189 402 418 430
6 16 92 152 162 306 375 394 462 476
212 267 306 311 449 458 485
40 52 136 160 192 210 357 411 452 494
14 27 38 84 88 158 191 205 266 322 427 446
55 197 230 252 312 370 371 392 428
10 27 313 427 487
115 158 181 308 329 361
75 81 111 115 122 165 177 303 345 452 472
12 27 42 48 51 52 119 135 253 331 371 425
67 100 348 406 417 469
56 115 306 332 373 395 418
7 46 107 247 248 431
31 40 149 207 283 337 434
40 86 108 153 306 327 357 411 444 488
191 303 380 389 434
1 65 130 168 260 274 288 336 406
29 240 371 418 487 496
72 115 158 313 323 373 413 418 458
51 96 242 454 479 496
38 99 115 161 374 428 481
4 150 208 230 251 253 259 383 428
51 79 121 242 254 288 295 298 348 369 489
112 313 348 498
27 160 374 400 416
141 150 369 378 428 476
34 96 132 263 336 389 406 459
62 253 273 306
92 175 207 348 383
27 40 46 116 151 242 267 292 298 398 452
39 53 144 325 353 375 428 486
41 444 447 452
27 141 245 322 329 342 360 393 412 431
24 30 51 70 82 244 352 391 434 469
40 223 271 302 311 403 481
28 41 400 401 452
6 51 61 205 310 340 441 445 472
2 8 34 40 102 241 277 312 350 429
29 110 312 436 452
33 71 80 108 217 224 262 296 393 428 469 479
27 193 253 268 374
76 115 161 279 294 323
40 50 65 83 229 313
23 27 42 44 73 202 258 415 434 452 463
312 348 427 461
19 68 239 313 403 487
7 51 57 427 452
132 257 370 386 434
59 132 391 482
62 85 153 231 276 296 449 452 479 484
30 40 142 165 217 253 289 306 323 453 476
233 348 387 403 452 487
27 49 83 146 244 250 322 340 374 392 487
6 84 176 184 276
119 135 150 158 234 249 253 406 451 498
253 297 434 450
6 7 106 147 348 425
213 253 308 413
7 31 40 76 142 247 276
8 172 235 306 459 494
40 51 64 173 199 333 393 444 454 470
4 27 44 111 282
7 63 164 227 236 301 345 350 368
7 77 86 111 132 170 258 341 432
2 40 121 154 238 348 380 434
6 40 306 387 498
7 96 152 188 306 334 348 407 491
11 19 40 134 197 205 328
71 273 306 313 337 348
43 54 151 249 296 341 406 429
132 190 253 305 434
4 15 24 113 115 177 228 262 306 353 364 443
40 284 300 354 379 400 486
65 348 398 434 444
115 132 452 499
40 48 100 219 350 372
17 173 305 311 418 428 435
17 108 216 230 292 360 371 374 461
101 276 336 463
65 94 149 213 228 252 306 366 451
40 60 102 306 313 322 338 343 402 448 465
6 44 56 138 348 355 387 416 435
89 104 169 240 272 276 319 348
224 233 285 418 427
27 38 174 359 435 459
62 132 315 355 433 499
114 132 194 214 247 294 406 423 446 459 472
2 24 27 43 156 176 181 476
25 29 40 45 65 161 168 214 265 376 418
7 200 280 374 452
132 175 278 414
5 11 105 231 253 338 374
6 47 68 112 123 199 275 353 394 434 448
6 186 269 280
65 109 253 428
253 276 403 461 475 484
132 177 205 207 260 362 375 416 453 493
18 40 149 277 290 353 450 453
17 46 152 199 222 324 396 487 495
51 99 256 428 447 487
70 83 289 312 317 319 337 360 386 406 434 495
42 56 132 224 270 358 371 391 411 440 444 461
134 143 158 159 253 377 386 389
143 313 385 388 419 433
73 164 168 205 242 452
11 64 96 276 439 452
3 20 115 191 241 276 348 432 449 482 497
6 65 68 132 140 175 176 191 299 302 325 396
27 115 171 348
7 69 306 434
108 174 210 265 291 304 319 330 394 418 429
6 298 418 452
6 222 300 374 420 423 444 456 487
29 55 65 133 392
6 20 163 201 252 256 312 429 457
105 200 228 313 378 410 425 428 450
51 131 348 446
85 176 216 286 348 384 401 418 441 450 478 487
2 23 65 73 197 229 313 425 428 436
163 171 463 487
24 65 204 260 342
6 51 75 170 176 231 235 239 336 452
99 115 177 208 253 473
27 59 65 276 316 366 412
6 40 52 66 92 101 160 256 289 293
12 53 221 271 384 487
65 182 193 323 392 445 452
11 95 165 375 418
313 355 392 490
61 135 137 215 256 356 423 429 487
