42 500 12 11
12 10 5 38 11 20 37 40 30 32
23 30 18 41 5 13 34 16
22 2 30 3 10 6 36 5
2 10 24 9 26 3 18 37 6
20 21 30 7 23 24 42 32 31 33 17
24 14 13 38 4 21 3 33 10
7 33 20 42 11 15 35 2
37 8 41 24 30 35 1 15 32 17
39 21 19 9 40 37 32 35 18 27
20 24 42 27 2 31 8 36 22 17
28 36 10 29 31 16 9 25 35 40 15
35 24 5 18 12 13 1 11 40 8 32 30
33 35 41 31 18 24 25 13 14 30 6
5 4 30 42 15 14 19 36 34
20 26 19 10 8 32 13 41
11 19 25 6 14 17 3 34 24 31 30
20 38 13 14 10 31 39 30 34 16 8
19 12 28 35 40 21 36
18 5 8 22 16 36 2 31
10 34 28 8 6 3 33 18 36 11 29 19
4 7 11 24 40 8 41 36 23
4 27 23 41 37 12 8 40 35 24 25
41 38 42 16 25 27 13 19 10 15 22
11 31 33 13 40 30 3 19 41 16 22 26
15 36 14 18 40 39 29 25 27 19 42
37 31 13 8 38 11 9 41
10 36 14 6 8 2 25 26 19 11
24 12 10 37 19 17 3 21 1 39
5 24 35 2 33 23 18 13 4
25 3 32 19 20 35 10 11
40 30 9 29 14 27 18 31 12
7 6 20 22 25 33 10 37 35 3
31 7 28 24 4 37 34 8 27 23 42 29
20 13 3 29 30 1 35 41
29 35 6 22 13 31 30 33 12 3
42 40 30 35 6 24 38 36 39 28 32 10
3 1 16 10 18 27 19 13 21 24
26 5 14 23 18 27 19 24
39 37 29 24 28 21 25 5
34 40 4 16 42 7 39 38
4 9 27 36 30 40 22 5 13 34 20 10
26 35 25 8 15 42 30 41 6 34
40 23 14 24 33 41 21 35 16 25 6 5
39 27 12 22 5 9 2 29 35 33 17 1
38 30 5 11 17 1 4 21 20 15 9 23
19 32 3 26 42 41 1 12
13 40 20 35 21 5 37 9 14 27 41
9 19 34 4 3 11 35 37
16 14 7 20 25 26 5 3 6 9 37
37 7 35 27 24 39 30 21 28 3 4 31
17 20 42 8 11 1 16 37 24 30 4
1 19 7 29 31 42 20 9 36 12 23 32
12 31 21 4 23 11 29 32 3 2 25
8 21 14 29 40 9 6 15 16
22 37 10 6 34 39 9 30 20 32 27 1
1 37 4 8 36 30 7
22 19 7 17 23 20 30 6 5
27 26 24 30 37 33 3 42 29 22 28 40
36 8 4 34 10 20 28 33
22 21 30 15 11 14 19 28 6 3
41 40 12 22 6 17 38 36 14 29
24 10 34 40 33 25 13 7 26 32 17 6
32 31 8 15 18 38 9 14
13 2 15 34 35 18 42 17
13 20 4 6 8 16 24 17 29 11 40
10 17 19 35 25 23 6 9 3 34 1 37
16 38 6 17 10 26 21 8 34 24 7 42
22 11 32 23 38 13 6 30 4
22 6 3 40 29 27 14 20
14 34 42 18 29 28 33 27 30
15 2 6 22 18 3 42 19 38 16 29
27 39 7 1 26 12 4 18
26 2 30 12 31 38 17 3 32 21
21 38 41 11 36 16 27 32 13 39
21 13 35 2 30 42 14 20 36
14 2 13 3 40 1 11 35 28 8 27 31
33 6 19 24 31 16 20 37 41 7 14 38
30 1 3 4 31 23 35 11 26 40 24
4 26 9 14 37 24 40 13
6 34 7 15 42 2 16
14 34 31 35 42 36 17 41
23 35 16 13 38 20 33 37
31 41 15 32 16 27 1 10 20 37 30 39
29 3 37 16 27 35 13 24 1
11 7 26 12 38 29 5
7 32 30 26 33 5 28 4 29 2
13 32 10 16 14 41 25 22 23 19 27 8
42 34 37 31 9 14 40 36 12 15 21 25
32 36 14 4 7 2 27 20 16
4 26 17 12 27 22 33 24 20 41 31 18
3 27 2 18 29 38 23 8 19 35 41
16 21 36 6 33 9 7 30 27 10 26 3
35 17 12 31 5 13 25 36
8 3 15 25 5 38 23 24 1 40 29 36
14 35 25 16 1 34 27 22 17 24 37 31
5 41 3 36 7 2 18 9 22 23 39 16
9 24 40 30 27 3 14 32 8 17 33
36 8 2 29 21 38 13
2 16 33 29 39 23 22 24
15 34 7 20 42 6 12 30 32 39
33 9 27 11 38 6 36 15 29 37
38 15 4 32 6 27 29 33 30 9 42 41
20 22 7 25 13 31 36 6 29 5 35
20 3 10 14 5 19 26 32 6
31 9 7 21 12 33 40 26 42 6
31 9 25 23 30 26 17 24
32 15 41 9 7 6 38 4 35 22 29 20
39 17 31 3 27 8 11 22 4 34 6 29
28 39 38 36 31 9 13 6 7 40 10 35
26 8 6 1 22 32 13 27 10
1 31 35 30 24 38 14 19 12 2 13
26 10 33 32 40 22 15
36 40 39 9 11 33 26 21
24 39 6 40 26 21 32 3 14
36 8 29 18 2 24 28 40 15 12 38
4 18 13 14 25 22 30 41 19 1 27 34
24 37 40 41 4 9 10 30 21 36 35 3
42 15 20 34 32 27 12 18 28 4 35 36
10 16 2 22 8 17 21 18 20
15 17 28 8 16 35 37
31 30 10 35 20 16 15 42
26 18 36 41 34 6 22 12 24 8
26 9 7 8 41 13 22 36 24 37 10
7 3 18 28 22 12 36 5 21 42 26
30 1 24 6 33 38 34 18 4
26 30 29 32 31 6 39 19 40 5 16 35
4 41 18 5 38 24 27 22
5 6 20 11 27 38 26 14
32 8 1 11 21 4 14 3 25 10 40 37
33 29 3 18 11 31 32 8 15
30 29 10 1 42 21 23 3 27 26
19 26 24 25 2 4 16 40 13 41 31
8 16 6 30 26 20 14 23 32 39 33
34 16 38 5 30 11 10 27 35
21 31 20 14 23 42 19 32
36 3 38 24 41 16 25
7 19 17 5 21 34 28 36 22 31 27 37
32 41 40 18 15 23 30 8 4 12 20
2 39 23 17 32 40 27 9
9 15 29 26 19 13 33 20
33 24 11 34 15 3 39 19 13 42 16
19 34 7 5 33 10 15 17 36
11 22 29 14 20 19 2 18 32 31
22 23 14 34 40 13 38 39
40 39 22 30 6 17 24 4 33
5 30 9 28 32 35 27 4 8
20 40 22 9 28 23 26 6 10 25 38
16 30 10 8 23 18 13 42
19 28 23 13 7 42 17 2
41 7 23 10 39 8 11 24 33 14 18 17
24 32 42 30 15 10 11 9 41 2 12 34
4 22 19 28 7 27 1 32 36
12 25 8 23 9 38 6 26 42 35
14 16 21 41 39 22 4 19
32 41 30 4 25 3 15 28 38 19 31 5
19 38 32 11 4 26 1 9 21 30
20 2 12 21 11 4 36 41
13 9 15 26 34 10 37 31
19 16 35 28 40 10 33 2 38 36
27 4 40 8 39 38 24 41 10 11 2
26 6 30 1 20 34 31 39 32 40 5 38
25 22 36 1 5 27 34 6 39
39 23 15 24 33 21 19 41 10 36 30 32
24 28 32 6 4 36 2 15 19 18
11 1 32 10 13 34 23 30 18 2 3
30 5 26 20 32 21 41 38 10 28 37 40
10 7 34 24 16 41 36 20 15 6 25 17
25 11 3 7 37 36 5
14 4 19 34 39 18 40 27 35 9 38
28 16 38 40 23 10 7 34 41 17 13
39 40 41 15 22 36 7 4 38
24 21 34 36 38 9 26
13 32 20 18 21 26 35 34
28 11 6 19 7 20 13 39 32 10 15
7 39 16 29 3 42 4
3 1 38 8 18 16 19 35 30 22 10 27
35 14 28 24 18 33 30 7 3 27
39 34 33 30 6 22 36 14 27 7
27 30 5 33 9 40 26 19 8
22 19 31 10 30 21 2 38 32 27
36 11 7 18 10 40 31 17 37 29
3 2 31 26 42 41 4 18 24 22 16
10 2 31 8 36 11 28 42
9 41 22 15 19 29 12 7 17 1
2 21 38 27 15 39 26
15 37 28 4 24 19 11 32 10 40 23 17
20 17 27 23 6 29 5 19 31 1
27 16 11 12 23 22 40 24 33 14 21
40 8 1 23 4 14 38 5 35
10 20 36 30 41 8 15 22 19
9 14 24 19 30 7 33 3 38 40 37 17
3 41 13 33 29 4 2 23 30 10 26 21
2 31 17 6 10 28 14 36 9 4 29 1
29 10 30 24 9 31 12 23
8 13 2 31 22 34 35 4 40 42 37 33
34 27 15 32 30 24 42 3 4 18
2 23 3 6 35 22 4 31
5 26 19 18 35 14 17 4 41
4 28 8 3 27 40 33 9 31 36 20 5
6 21 16 38 14 10 8 3 27
27 17 29 11 30 15 26 14 21
5 7 38 36 41 8 31
8 38 19 4 33 32 3 9
39 26 33 38 9 32 16 13 11 23 2 17
5 35 30 37 8 11 1 23
37 25 19 8 32 40 39 23 16 22 5 6
30 14 22 34 8 12 32 13
23 10 27 40 14 19 31 2 12 20 5
5 37 1 24 27 33 4 39 17
4 7 23 1 10 29 3 6 19
4 24 26 41 13 42 36 3 40
42 39 18 29 23 4 36 11 40 3 28
29 6 38 36 32 30 15 19 22 17 31
19 37 11 31 40 25 2 6 20
13 12 41 11 32 14 22 21 31 18 9
23 8 15 5 20 18 31 32
21 38 14 16 1 4 33 13 23 41 12
31 33 17 23 27 35 5 30 15 38
21 25 12 35 20 30 36 7
20 36 34 41 5 26 9 35 27 6 31
21 40 19 41 18 22 11 33
11 34 26 33 23 1 7 19 3 32 27
32 15 35 12 22 26 21 7
1 22 39 18 10 12 9 17 15 28 14
38 26 34 35 14 3 24 32 12 29 2 39
16 22 6 33 18 29 9 24 13 40 34
4 8 33 2 11 34 21 19 31 13 35
42 38 8 22 14 40 36 20 13 31 1
31 25 17 39 41 33 8 11 16
28 26 23 31 4 36 7 39 15 2
15 28 32 37 8 40 16 1 6 21 31 11
39 21 19 8 25 14 30 23
1 33 19 38 16 30 22 29 24 8
3 28 19 34 42 23 1 25 29 7 21
28 36 7 40 21 11 15 33
30 4 5 29 41 7 21 10
22 9 1 7 36 35 2 33
40 1 33 24 20 32 15 36
33 21 25 20 6 32 11 38 27 9 5 37
12 6 36 25 31 32 17 35
25 10 16 21 34 23 7 37 33
38 21 14 7 16 31 2 24
28 30 31 24 14 9 39 21 11 4
37 6 41 3 15 31 18 22 27
14 39 36 42 30 27 24 31 10 16
37 42 19 9 33 21 15
11 2 34 5 10 30 9 25 13 41 35
13 22 33 9 5 28 10 15
4 27 42 17 16 5 23 29 9 12 3 31
42 40 5 4 28 41 31 37 3 35 23
28 40 4 14 1 15 26
28 41 11 3 10 24 22 17 19
17 31 11 37 42 2 19 20 38 4
25 20 29 6 26 39 17 21 9
27 26 2 15 19 33 23 29
12 34 11 32 37 2 8 40 18
38 3 17 16 34 20 2 33
42 15 7 24 8 17 37
15 5 2 11 7 13 22 36 1
8 32 22 35 30 13 33 42 34 9 18 6
31 22 21 19 35 26 11 41 27 16 32 12
4 2 14 26 11 20 10 3 22 18
28 6 12 22 16 34 3
15 13 21 28 12 26 23 8 7 42 14 1
6 42 9 4 17 39 28 26 33 36
12 34 35 2 41 9 30 16
20 30 31 9 14 19 13 33 22 10 7
15 6 33 25 2 27 30 21 16 20 35 17
2 12 8 4 41 13 20 40 11
10 35 42 13 37 33 36
8 12 15 42 13 41 36 22
31 2 3 19 26 27 4 41 29 5 28 21
17 8 25 38 14 36 19 34 37 29
11 35 3 6 41 10 37 30 24
7 19 11 15 8 37 20
28 38 42 20 10 6 4 22 3
25 26 30 1 8 38 29 33 32 24 5
27 18 8 37 9 33 35 41 21 22 39
12 15 7 11 29 1 38 23 8 42 19
18 10 35 11 33 4 29 37 20 34
30 4 23 33 13 9 35 11 6 17 5 20
21 25 39 18 20 26 3 30 37
37 36 5 19 35 21 23
17 12 30 6 11 20 32 23 27 14 2
15 3 37 39 1 32 36 30 2 41 20
29 34 15 9 14 22 11 7 8 36 26 33
26 27 21 30 14 23 31 8 20 18 41 33
41 35 22 1 17 34 37 16 18 39 3
18 13 39 17 41 40 14 15 16 24 5 33
31 27 11 35 41 2 3 40 22 34 37
1 21 23 33 15 41 14 28
8 12 4 5 31 24 37 14 22 41 26
39 32 7 36 5 33 10
41 32 6 24 16 34 4 31 22 38 2 12
2 15 21 36 7 24 22
39 21 19 1 10 22 13 29 30
30 7 38 40 37 35 34 22 12 29
32 7 41 33 10 14 16 2 39 30 38
8 15 10 20 5 4 21 11 30
9 26 22 25 13 3 36 17 8 1 40
7 36 32 3 12 9 40 13 42 5
29 5 22 12 18 27 24 32
39 1 23 38 24 33 13 30 20 18 14
9 30 14 38 22 34 10 3 2 37
10 1 5 30 3 33 9 19 6
30 29 13 33 36 25 19 27 38 24
4 7 38 15 10 42 9 41 6 26
6 18 14 42 15 7 38 4 41
41 24 1 38 2 33 9 22 27
20 13 12 5 38 17 23 16
41 3 32 36 26 30 21 16 28
13 34 17 20 4 37 40 6 3 21
24 41 11 4 37 17 26 23 14 38
25 11 27 6 29 18 10 15 4
13 16 10 21 19 42 35 39 36 3
15 6 14 38 30 18 27 2 35 12 21 20
34 35 31 24 29 38 36 19 8 33
12 15 17 10 26 6 33 16
15 40 23 13 1 35 37 19 18
39 35 28 10 31 1 15
20 15 22 25 24 3 4
7 22 19 5 3 27 16
29 16 26 2 8 7 22 19 12
8 14 17 10 38 30 20 9 4 41 2 18
16 27 6 21 23 29 24 31 37 22 1 39
8 23 36 1 31 37 3 5 27 20
6 2 31 19 21 10 20 26 27
3 12 32 26 10 41 25 35 8 30
36 1 9 12 16 25 21 19 15
41 13 9 23 42 30 12 25 24
40 28 22 25 4 38 27 5 7
1 5 4 25 18 40 41 28 13 31
24 29 23 2 20 32 18 9
9 39 2 15 25 35 41 36 11 31 26 19
8 25 24 10 26 18 3 12 30
42 23 41 3 6 29 19 17
4 23 15 29 20 8 18 3 25 31 7
21 18 10 31 34 33 1 41 12 4 40 22
7 11 9 41 27 34 13 31 42 25 36 1
19 36 29 2 38 5 31 3 7 15 11
8 29 2 12 30 9 39 24 1 31 6 34
42 8 28 23 29 20 19 22 4 37 27
41 22 21 13 30 24 17 11 25 10
13 27 38 14 24 5 26 17 41 3 32 11
32 40 13 15 21 12 24 10 29 36
32 11 37 17 1 40 24 22 31 8 21 27
31 15 28 6 38 19 17 7 27 42 9
23 3 38 5 40 22 15 33 6 36 26 17
8 28 29 24 42 41 35 31 20 7 18 34
6 11 38 9 30 16 21 25
32 42 6 16 38 40 34 17 8
11 29 42 6 15 30 7 32 21 10
24 14 26 21 34 6 5 31 1
14 13 37 27 28 21 22 7 42 10 20 26
6 3 28 5 31 30 34 25 40
41 35 10 32 12 40 20 23 31 16 24
2 33 14 18 27 41 1 40 42 31 15
41 9 37 18 7 16 33 42
15 2 40 30 22 39 36 1 25 7 28
30 15 33 25 36 28 18 4 19
15 22 23 28 24 32 7
5 14 38 17 20 39 16 8
3 42 24 30 31 29 36 10 21
16 37 32 15 39 23 38 22 6 31 35
34 26 41 31 25 9 11 1 4
26 13 36 4 24 23 28 34 19 22 18 8
6 22 2 41 40 38 3 36
26 1 5 40 22 6 34 8 4 29 35
24 12 23 18 3 11 14 31 5
34 38 9 6 41 3 26 10 2 14 32 21
18 37 12 40 23 41 32 2 26 8 38 11
37 35 32 31 38 36 42 8 40
29 25 2 5 9 34 26 14 35 12
14 22 4 28 13 6 2 8 31
9 26 32 37 14 6 2 13 16
35 26 20 28 40 39 29 6
33 19 41 10 30 16 6 31 22 40 17
27 35 41 12 18 34 37 5
40 27 31 13 41 6 37 22 11
10 26 16 24 25 21 27 9 31 34 18 8
14 41 1 25 7 29 35 36 3
28 2 15 7 1 37 34 14 10 20 21 18
21 35 18 23 27 20 30 29 14
36 25 7 8 17 24 28 39 31
42 16 32 40 31 15 37 5 3 20
37 24 40 5 10 34 30 2 35 22 26
13 16 14 19 21 39 10 23 6 3
39 32 16 20 35 34 29 3 27 31
21 36 19 40 3 41 13
14 30 4 9 17 35 23 33 26 41 12
6 22 39 20 11 5 28 8 2
35 32 9 12 40 34 4 42
15 8 2 42 16 19 30 25 1 31 13 23
9 17 10 23 30 38 25 11 1 37 41
15 4 12 18 29 9 31
41 19 28 21 29 18 14 5 27
4 13 37 9 29 12 36 40 2 30 1 21
10 28 33 35 20 13 7 31 5
30 36 35 23 10 37 26 1 20 33 3 31
27 40 2 17 24 8 18 21 14 25
15 26 35 4 36 30 8 21 40 7
5 10 8 26 38 21 14 35 4
29 40 21 26 34 22 15 8 24 30 38 12
30 42 33 22 12 17 32 11 3 38
33 11 40 31 20 19 10 38 32 13 37 23
9 27 30 21 35 39 12 5 25 17 16 7
29 25 28 33 1 9 12
20 35 6 34 18 22 5 32 12 2 38
27 10 6 37 25 4 35 16 9
5 27 21 24 3 13 10 18 29
14 41 28 6 37 20 30 27
23 2 20 24 31 4 27 32 29 1
30 28 40 9 3 27 12 10 38 25 11
38 29 33 3 13 15 21 37 31
34 13 27 36 7 18 23 3 4 2 9 40
10 24 9 28 40 4 18 23 38 31 27 11
24 6 21 33 30 22 17 12
19 23 14 41 36 4 39 32
38 30 35 41 36 23 28 26 10 14
5 40 38 28 29 17 24 32 33
13 36 2 16 9 24 32
2 14 21 5 30 23 41 19 16 17 12
11 6 2 27 12 25 31 28 42 22 14 35
21 12 15 41 13 3 8 37 18
34 1 26 29 23 33 21 32 20 3 24
7 17 28 32 3 5 31
3 34 30 8 24 10 21 4 37 35
6 16 14 1 31 5 27 42 26 7 29 32
4 1 12 6 35 31 23 29 39
25 23 31 16 26 29 1 9 37 12 18 41
37 9 13 17 36 20 18
33 13 29 23 24 35 30 27 21 26 10 41
3 16 25 41 27 13 10 18 22 2 23 9
35 1 12 2 24 5 25 10 33 19
39 17 4 10 27 9 5 24 31
35 31 23 10 40 25 29 13 37 33 2 17
13 1 42 8 18 26 14 33
14 22 39 13 35 24 6 29 42
29 36 30 20 15 24 18 11 5 21
11 3 16 37 42 29 36 24
23 20 3 26 33 8 35 10 30 40 21
10 6 13 31 32 30 4 1
34 32 30 5 25 2 15 22 28 36
20 35 1 6 33 25 13 37 14 39
28 7 6 22 27 8 17 3 38 9 42 18
16 20 12 37 21 33 18 1 31
32 29 27 21 33 23 8 5 18 36 42 31
29 35 15 22 33 25 37 20 19 18
26 5 33 16 25 30 14 38 4 8 31 23
12 17 9 16 19 4 25 6 2
40 42 12 29 33 1 14 24 31 7
12 5 40 18 39 37 27 6 19 17 26
14 15 10 5 1 22 4 33 24 31 42 30
2 4 15 18 28 16 40 25 17 34
32 10 24 5 21 28 17 6 29
17 5 32 22 25 24 23 34 1 40 19
6 8 2 32 35 14 10 25
29 34 9 39 32 11 41 26
37 26 16 35 19 20 32 2 36 42 31
17 4 40 16 8 24 11 10 31 26 35
20 39 3 13 23 2 34 8
3 11 21 39 16 35 17 18 29 38 6
34 28 40 7 14 30 41 8 37 29
20 35 11 5 12 31 10 16 39
6 40 4 37 32 17 33 3 18 29 12 31
23 26 12 17 14 9 2 3 1 29 37 24
39 31 23 10 38 20 21 35 30 11 13
7 5 19 15 39 31 36 12 17
25 31 1 26 12 14 24 6 30 10
35 14 30 15 4 33 19 25
21 7 9 36 26 33 40 23 10 24 41
34 41 5 1 24 31 10 40 33 14 8
9 15 36 30 37 29 40 13 14 23 21
17 33 16 40 30 12 24 1 10 28 39 8
27 40 6 25 15 35 26 3
1 4 16 15 20 42 27 33 2 19 41
23 32 38 17 18 24 13 19 40 2 21
39 17 30 4 27 29 32 6 26 24
9 33 5 4 24 38 8 18 19 13 22
12 5 17 26 31 27 9 41 10 24 30
31 42 23 40 28 20 33 14 5 36
1 29 24 27 39 32 12 16 30
17 14 9 41 13 2 40 4 38
34 14 10 2 21 32 24 38 5 40 33 22
42 1 40 23 29 20 8 22 30 4
40 35 34 37 36 2 33
6 40 30 33 32 21 5 24 20 26 29
23 21 24 28 36 8 38 27 6
1 8 16 13 11 29 7 35
25 40 6 23 27 1 11 16
17 2 19 7 16 8 10
24 1 28 9 7 19 12 20 18 36 23 10
41 12 6 31 25 33 8 29
30 25 21 24 9 10 35 8 32 14
26 12 34 38 18 9 33 24 29 7 14 22
6 40 18 38 12 27 41 5 10
28 35 20 9 39 40 7 3 11 13 25 42
15 9 39 20 25 22 30 3 6
6 39 21 33 24 34 38 27 13 30 4
1 6 35 2 5 16 23 29 33
