300 1000 4 12
201 266 186 12
7 92 223 286
37 10 45 141
208 189 23 102
81 268 123 266
280 274 161 257
13 290 171 169
193 23 73 249
78 79 185 195
19 80 236 169
43 75 144 81
108 71 218 169
264 193 110 139
122 274 283 282
142 186 158 183
69 293 10 85
224 33 274 115
73 233 69 162
165 286 263 249
266 169 114 143
284 259 272 249
45 108 171 63
219 234 50 81
165 69 17 248
157 198 169 127
171 139 129 224
279 29 58 259
285 23 129 271
23 98 276 231
69 173 49 3
45 15 77 20
212 273 81 297
30 117 23 150
300 59 59 274
139 15 276 26
169 123 154 46
257 215 87 130
162 261 249 69
268 154 159 286
156 286 59 294
270 185 252 262
274 194 64 94
114 69 101 228
121 21 111 274
149 69 68 176
49 7 186 270
79 119 176 259
286 119 64 259
242 217 13 130
169 269 208 204
79 274 176 5
239 259 40 233
274 232 37 298
45 282 21 51
23 50 223 163
69 277 48 122
23 171 134 159
77 73 186 181
260 267 11 274
266 112 169 154
265 158 286 113
220 106 81 89
112 169 252 72
127 19 130 135
53 276 251 286
64 111 286 94
81 212 78 264
76 39 31 81
30 147 45 73
185 283 270 37
193 29 158 185
130 166 114 204
130 201 46 265
67 185 183 132
52 188 102 286
196 71 1 169
70 104 286 58
261 259 204 273
274 150 140 98
75 77 69 199
57 250 259 187
50 259 179 294
177 172 23 126
226 113 139 231
159 196 25 274
184 271 169 16
247 81 112 71
253 14 161 23
55 82 146 259
268 117 270 69
294 144 130 177
258 286 296 167
260 38 137 186
22 259 247 89
23 96 179 200
233 135 247 45
287 230 185 36
123 23 157 252
185 122 39 38
255 45 115 60
186 101 132 5
162 45 166 88
143 69 200 16
274 219 12 78
166 129 259 238
79 259 210 226
189 101 274 231
173 23 275 293
152 2 52 286
162 130 77 13
168 211 274 127
282 185 37 21
89 69 282 44
45 44 28 193
10 169 146 203
45 26 218 144
62 81 4 179
81 227 282 271
214 124 81 140
181 22 109 259
259 65 178 50
185 39 236 70
43 249 45 262
259 204 80 276
148 286 69 72
201 300 259 124
194 156 293 81
244 82 81 241
260 200 267 169
185 29 281 62
274 196 172 242
141 288 274 136
268 135 23 164
129 69 257 255
73 81 171 162
291 45 68 209
286 265 176 254
103 170 169 282
28 46 186 195
174 25 130 59
79 139 222 78
22 246 45 34
24 2 69 135
295 274 36 183
263 153 23 120
198 181 69 203
84 274 94 111
291 23 120 187
151 169 205 137
257 169 285 30
184 185 248 77
216 259 134 14
117 220 259 12
81 86 29 165
104 290 63 130
234 127 285 130
232 275 253 139
247 283 169 138
130 204 284 262
210 168 148 45
50 130 295 113
100 186 47 4
242 274 200 158
295 290 274 27
54 69 2 39
81 3 137 181
251 115 130 104
184 186 278 76
170 289 158 274
125 166 185 235
114 52 23 32
81 252 178 175
287 53 232 130
236 28 139 39
199 143 123 130
81 47 8 39
105 286 14 142
15 186 14 225
29 6 232 139
186 201 75 140
245 116 69 80
297 130 182 73
81 197 98 184
240 189 217 274
52 202 153 23
216 3 185 84
152 139 12 283
101 81 121 300
105 130 123 176
286 10 289 35
300 81 111 237
67 283 142 274
288 111 139 40
115 142 186 27
53 2 186 96
91 259 182 6
191 251 69 175
69 59 61 164
185 294 66 33
139 281 183 32
174 213 229 139
274 239 62 87
20 159 160 169
69 272 19 288
162 22 139 193
259 126 200 67
297 198 87 69
195 186 65 118
145 185 26 260
129 139 245 94
48 168 185 232
81 217 115 246
131 36 149 45
156 282 130 287
167 139 179 214
182 25 29 23
259 295 165 147
130 183 174 34
97 44 207 45
216 133 23 229
292 237 169 284
243 227 139 236
274 75 184 227
207 167 169 269
170 133 186 88
42 212 169 97
285 142 69 272
70 201 69 98
58 93 113 186
178 81 95 49
177 22 286 85
22 91 185 200
237 209 121 274
298 180 262 81
289 57 170 130
48 130 1 260
198 73 69 43
278 8 205 130
132 105 81 27
81 281 79 171
286 102 135 61
185 108 178 57
23 39 182 202
28 41 51 286
235 63 69 168
217 185 83 76
242 69 107 298
286 296 91 176
259 80 86 243
286 82 209 86
266 84 45 282
133 69 110 127
242 208 286 273
130 187 180 7
287 21 259 43
81 187 199 239
81 237 280 231
206 69 137 128
107 139 207 57
81 242 52 227
280 186 142 167
59 40 93 45
4 293 186 77
292 142 113 81
186 14 13 219
69 257 27 128
277 178 169 6
38 41 235 130
114 113 259 123
45 195 6 21
237 244 116 23
287 50 139 255
165 263 289 139
124 220 24 81
271 286 54 160
268 139 34 250
186 288 269 243
44 95 45 278
136 23 172 181
221 7 149 186
100 35 274 166
170 26 4 185
11 24 185 14
92 188 139 276
237 82 225 23
118 116 23 80
280 198 253 45
242 263 185 19
162 69 137 116
299 271 81 181
169 225 89 182
69 190 120 20
130 98 153 288
297 96 139 242
154 87 153 45
258 226 145 286
198 286 117 268
127 208 274 253
82 272 286 137
259 193 179 184
31 240 66 81
4 277 132 23
225 45 223 253
130 8 238 255
264 18 70 139
45 200 122 31
94 12 286 95
185 35 220 10
185 15 61 82
113 185 33 46
138 286 160 229
193 157 120 286
259 101 268 50
86 277 231 259
148 240 45 166
138 99 69 104
196 197 186 179
66 284 85 286
139 151 90 164
25 252 231 274
177 294 99 186
74 266 163 274
186 251 54 167
272 296 259 246
17 249 92 259
148 248 185 127
271 103 68 45
139 251 136 51
211 286 5 248
172 23 110 240
6 298 275 186
248 139 292 138
209 139 104 251
81 58 12 28
210 84 169 27
267 115 254 274
294 173 81 205
169 210 271 209
86 147 286 244
186 225 72 276
99 68 31 169
210 23 58 221
273 167 186 260
74 216 243 23
54 259 211 197
169 42 210 74
81 94 219 88
84 229 274 78
249 170 286 36
139 202 221 64
10 248 69 299
45 11 25 267
81 112 16 121
1 278 116 139
279 223 101 23
45 295 38 73
197 239 259 128
50 210 23 104
68 241 94 286
53 231 259 106
47 258 13 139
192 148 259 258
212 164 185 128
191 92 40 286
258 273 274 47
256 202 241 139
150 193 67 186
11 45 273 157
136 15 256 169
98 139 102 181
45 129 223 224
45 115 292 203
59 286 156 141
234 58 185 202
245 23 250 37
69 177 171 205
23 206 248 158
239 5 224 185
249 272 286 178
84 240 185 58
286 154 295 35
211 289 286 213
130 35 79 76
81 85 209 118
41 286 120 88
226 230 81 42
139 61 136 4
39 95 257 130
46 275 69 228
214 81 198 57
5 134 265 81
229 138 69 221
69 22 197 104
154 263 274 217
124 139 208 2
162 169 287 61
208 155 23 1
150 107 45 270
23 109 234 143
23 191 218 257
43 23 236 268
58 49 186 110
291 20 77 169
23 153 201 208
92 145 45 205
175 48 270 186
192 264 45 255
250 155 119 45
185 210 96 174
270 52 293 274
9 23 10 171
205 169 216 213
148 33 142 139
174 81 123 246
35 117 202 45
163 69 108 92
191 110 139 21
205 9 169 235
111 27 81 100
231 185 174 90
253 16 58 130
31 227 281 130
84 19 81 64
254 185 145 92
169 1 281 222
59 164 203 69
147 273 182 185
154 45 267 152
25 155 69 110
126 69 234 119
161 286 125 110
173 192 275 23
128 277 160 130
247 16 215 186
180 300 259 75
139 14 49 117
13 246 89 81
93 197 169 119
169 246 62 35
54 91 285 286
274 206 97 224
185 177 207 111
93 169 60 142
41 262 186 165
235 250 145 139
11 124 274 4
230 69 17 112
125 207 46 130
56 260 96 23
42 23 63 168
99 32 259 21
16 169 235 49
228 81 44 268
285 299 130 141
217 13 274 142
145 164 131 185
51 60 63 274
23 190 51 27
284 259 290 24
11 118 171 259
41 197 139 76
95 81 125 29
27 294 96 286
93 36 186 271
20 130 214 14
246 100 259 156
56 131 81 65
274 262 141 52
216 114 274 170
195 103 259 293
154 23 43 90
223 85 139 250
60 281 45 199
23 277 290 118
180 81 88 93
1 62 259 19
52 122 130 26
211 130 278 51
186 228 86 116
127 169 194 104
121 8 259 293
299 139 143 75
99 254 169 300
185 298 252 298
194 23 134 119
139 57 216 254
218 147 169 60
69 105 252 96
149 45 131 279
81 294 256 187
121 79 192 81
232 169 12 52
23 279 68 102
61 204 286 257
45 51 65 260
150 83 186 84
20 246 130 93
296 212 69 63
81 9 70 150
86 219 259 34
274 108 239 94
21 93 23 290
128 23 280 49
163 8 286 191
256 194 10 274
104 70 264 69
102 106 286 293
263 225 271 23
23 3 98 9
126 274 220 246
39 232 6 130
274 28 71 239
286 53 17 67
198 92 186 188
205 179 139 161
259 187 225 194
280 203 23 221
201 163 23 56
127 70 242 130
258 213 90 130
174 114 45 126
10 69 266 13
139 263 159 31
24 169 231 29
261 105 94 185
84 200 69 42
7 230 259 163
184 81 65 56
99 26 174 23
228 45 287 59
195 11 185 101
18 26 274 254
130 140 295 159
87 26 33 130
99 19 147 23
130 143 72 49
64 65 156 81
210 151 259 151
15 130 233 245
8 139 34 281
160 283 128 185
33 129 63 69
139 155 156 157
3 186 148 68
259 16 89 3
291 169 194 56
69 204 141 70
34 181 169 26
55 81 48 262
85 229 45 30
139 291 111 273
224 150 149 23
81 161 247 163
2 274 40 34
124 11 130 233
196 236 69 65
114 82 249 69
7 169 245 28
271 146 47 81
2 71 100 69
274 180 121 119
160 139 135 214
158 185 55 118
255 88 186 256
276 23 174 250
69 32 219 15
23 155 86 64
51 72 171 259
108 274 218 219
173 139 256 187
144 186 40 215
16 168 297 45
204 23 109 40
7 259 140 39
80 280 279 69
285 146 286 288
136 217 69 106
69 278 151 64
286 55 61 207
103 286 175 253
170 57 158 23
100 75 23 62
82 286 206 9
209 102 282 259
168 69 54 180
195 124 87 186
286 55 230 296
108 26 159 23
67 105 226 23
23 294 117 296
269 286 98 84
229 30 152 286
99 4 78 185
199 202 163 81
87 41 81 201
79 230 87 259
71 43 117 81
285 45 287 225
274 206 149 240
55 186 144 5
81 188 224 46
130 66 277 292
83 218 286 171
240 23 227 183
230 56 61 139
70 23 74 189
18 100 130 102
17 66 169 285
110 81 78 133
69 24 54 70
274 191 165 149
222 169 141 29
275 286 87 27
110 185 244 30
169 213 255 237
16 23 18 261
236 293 169 289
266 128 81 291
8 42 186 146
130 105 110 281
135 259 186 272
73 175 205 139
128 33 269 23
185 189 234 60
269 138 274 125
130 213 240 66
87 233 246 69
133 53 139 30
259 50 32 42
169 8 84 17
259 39 239 22
139 211 65 196
99 30 139 207
295 162 139 172
118 129 137 23
44 202 169 88
15 259 292 129
287 23 25 110
236 274 113 297
27 27 54 69
134 81 176 173
142 10 69 234
45 223 206 235
284 185 28 223
179 286 256 52
156 227 240 185
185 269 9 144
157 169 125 188
168 183 169 280
45 161 67 57
69 46 72 56
69 34 290 173
139 189 250 89
11 169 165 193
230 215 59 69
79 206 259 180
187 224 286 77
37 259 228 226
244 107 81 284
249 45 280 3
54 161 93 274
11 214 81 297
193 8 23 95
225 81 172 244
169 289 196 221
186 209 74 105
211 147 269 139
74 286 84 141
65 255 37 139
91 286 188 89
244 105 186 78
23 173 61 184
139 62 229 203
46 19 169 95
90 139 28 223
130 44 267 82
118 139 36 17
124 156 72 274
200 286 82 263
23 124 89 20
60 18 148 45
286 37 106 131
273 45 219 6
80 258 131 81
139 259 109 240
55 105 186 98
1 259 203 187
297 116 254 81
267 23 125 32
45 222 96 176
139 264 177 42
274 63 264 153
69 262 135 264
200 251 153 69
133 195 130 242
258 216 235 169
274 117 106 176
81 254 212 300
201 158 274 203
53 38 238 286
290 11 18 185
48 31 2 286
173 94 69 79
271 274 202 84
45 198 61 67
169 228 197 32
104 100 7 185
18 123 140 259
264 76 81 13
151 11 233 186
91 27 139 134
274 65 247 16
286 158 147 67
6 236 63 259
72 69 284 294
243 36 186 214
66 69 6 33
181 81 162 90
149 15 81 9
209 102 69 32
234 128 130 1
186 229 21 30
242 300 130 19
254 243 300 286
167 111 139 227
244 244 248 274
291 274 251 118
87 12 185 282
129 286 80 56
23 238 275 2
69 120 237 104
186 222 190 145
35 169 42 220
181 74 166 45
136 259 251 187
35 185 59 221
53 186 76 76
245 130 256 108
225 112 130 244
64 22 210 45
139 256 248 226
169 290 137 241
81 14 26 184
186 110 29 128
280 139 192 14
176 259 97 103
169 161 266 269
144 130 87 231
266 20 259 39
259 58 147 5
274 295 123 11
204 267 69 157
120 69 60 288
256 140 45 62
130 9 146 115
255 115 269 286
139 276 243 241
219 245 291 169
23 48 48 197
186 162 62 221
91 255 286 68
297 169 24 56
139 220 74 151
169 199 300 104
96 15 69 183
217 130 172 250
198 234 130 208
47 267 45 70
276 142 45 212
230 45 62 292
184 183 166 130
164 121 18 169
115 28 107 169
23 8 28 276
9 259 143 207
36 274 177 159
149 200 47 169
139 280 85 34
180 185 58 205
102 180 139 207
232 274 53 253
230 185 179 193
279 138 45 175
229 221 274 24
152 217 151 81
98 4 69 228
151 286 194 24
126 139 118 60
287 215 45 51
130 179 254 141
179 258 185 164
112 175 81 182
135 32 81 167
185 89 41 10
272 45 7 105
138 138 87 81
83 95 139 17
175 286 249 155
81 93 252 138
7 92 298 139
225 95 81 150
286 248 263 99
106 263 61 81
175 270 56 169
253 57 233 69
31 130 208 109
211 74 66 259
55 45 155 192
186 137 91 120
252 103 112 23
259 71 77 192
286 241 262 168
81 22 228 41
69 194 233 168
259 234 26 106
49 201 17 81
199 222 189 286
186 173 86 188
185 126 244 278
44 185 248 273
186 99 103 246
45 153 7 288
21 41 68 274
292 186 32 291
45 29 52 28
185 164 152 69
6 169 68 91
139 165 235 170
286 289 48 235
171 259 212 145
185 215 294 194
259 192 201 44
13 251 3 45
17 130 68 114
37 268 286 71
24 197 45 126
117 217 274 48
275 88 139 38
195 212 129 23
299 36 45 148
69 139 211 289
2 293 169 299
23 97 194 267
88 299 64 130
274 92 243 172
294 130 143 134
214 45 76 97
44 65 186 6
173 291 81 133
31 108 25 286
82 131 186 22
160 21 90 274
231 118 139 229
259 85 298 89
277 69 100 156
38 121 81 111
228 157 45 135
69 142 117 77
101 208 286 120
213 130 109 52
185 250 190 43
193 54 185 31
83 40 123 169
172 236 158 139
209 259 24 124
196 106 186 261
177 147 12 81
143 186 9 195
110 134 130 233
68 169 234 115
286 96 217 214
23 244 54 234
169 67 227 94
286 53 226 287
286 1 241 105
262 14 71 274
10 101 274 96
274 32 100 15
20 139 84 13
241 45 38 243
45 82 264 281
69 281 170 57
247 258 23 41
111 13 186 49
178 190 169 80
259 126 41 252
30 141 56 69
34 131 51 169
82 4 237 45
286 183 138 261
49 69 214 161
81 275 182 53
140 235 182 185
77 257 225 130
139 240 34 222
170 186 6 275
130 126 224 85
274 42 103 1
186 189 230 256
274 203 30 6
38 130 152 5
23 221 265 218
130 187 276 43
112 140 206 23
123 23 34 79
80 122 296 81
286 75 116 160
259 151 260 172
191 3 210 139
133 266 139 122
169 76 244 159
260 281 18 286
274 288 263 55
129 279 3 69
286 48 227 47
208 130 191 83
286 7 207 188
125 83 62 185
278 130 207 163
63 185 167 290
25 1 274 197
13 127 298 45
115 173 98 186
45 91 86 18
245 158 185 212
177 69 185 108
92 274 245 111
258 81 83 171
259 268 101 96
286 210 174 151
289 69 86 240
78 277 45 124
45 5 209 195
169 238 145 152
91 218 253 186
19 81 297 109
259 182 299 134
186 63 257 181
169 206 176 62
93 166 109 139
131 169 248 79
226 130 182 90
186 247 224 61
45 91 266 16
213 239 185 91
299 23 146 67
81 237 116 82
81 178 132 280
166 298 259 42
185 159 211 86
265 274 292 76
283 42 216 169
163 273 264 185
43 34 232 139
219 50 259 121
259 278 9 187
20 186 241 125
81 160 102 61
186 145 238 42
203 34 256 169
99 107 69 291
229 109 185 132
66 20 46 130
81 243 253 297
22 96 23 137
130 65 106 224
81 175 46 213
69 104 25 141
74 45 229 124
11 9 69 72
45 154 187 191
128 169 123 177
76 139 261 37
47 300 210 185
224 230 215 81
95 127 3 23
175 146 169 243
286 23 29 278
85 109 45 149
106 90 169 195
63 36 132 130
46 98 169 165
206 221 81 296
234 158 259 155
250 274 288 257
45 215 279 155
88 94 69 47
130 271 189 47
249 45 242 232
132 32 145 69
222 286 60 277
69 285 57 273
68 209 81 132
184 218 296 130
231 69 218 9
81 247 134 56
18 139 280 281
85 176 81 108
80 100 23 109
100 56 81 121
